0011000001010000
0001001010000011
0001001010000011
0101001010101010
0101001010101010
0000111000001010
0000111000001010
1100000100000000
1100000100000000
0100101110100100
0100101110100100
0100000100000000
0100000100000000
0010001111111101
0010001000000001
1010111011010100
1010101000000000
0110001010011101
0110001010011101
1110001000001101
1110001111111011
1001010001111111
1001010001111111
0011000000000000
0011000000000000
1100000111000000
1100000111000000
1000000000000000
1000000000000000
0011001000000011
0011001000000011
1011001111111101
1011001111111101
0111001011111101
0111001011111101
1111000000100010
1111000000100010
