0011001000011000
0011010000011000
0011011000011000
0011100000011000
0011101000011000
1110000000010001
0010011000010001
1111000000100010
0001001000000011
0001010000000011
0101100100100000
0001100100101001
0001101001100000
0001001001000101
0001100100111111
0000001111111101
0001000001000010
0010001000000111
0010010000000111
0010011000000111
0010100000000111
0010101000000111
1100000111000000
0000000001001001
0000000001101110
0000000001110000
0000000001110101
0000000001110100
0000000000100000
0000000001100001
0000000000100000
0000000000110010
0000000000100000
0000000001100100
0000000001101001
1111111111010000
0000000000000000
0000000000000000
0000000000000000
0000000000000000
0000000000000000
